97,4
97,3
97,2
97,1
97,0
96,3
96,2
96,1
96,0
14,5
14,4
14,2
14,0
95,4
95,3
95,2
0,9
95,1
95,0
3,2
3,1
3,3
10,99
10,289
10,65
10,127
10,2
10,3
11,10
11,30
11,17
11,18
11,2
11,3
9,7
8,6
8,7
8,16
8,10
8,9
20,2
20,1
20,3
85,8
85,7
85,6
85,5
85,4
85,3
85,2
85,1
85,0
65,71
65,70
65,69
65,68
65,67
65,66
65,65
65,64
65,35
65,34
65,33
65,32
65,31
65,30
65,29
65,28
65,27
65,26
65,25
65,24
65,23
65,22
65,21
65,20
65,19
65,18
65,17
65,16
65,15
65,14
65,13
65,12
65,11
65,10
65,9
65,8
65,7
65,6
65,5
65,4
65,3
65,1
64,3
64,1
63,3
63,1
18,1
18,3
14,1
14,3
13,1
13,3
62,11
62,10
62,9
62,8
62,7
62,6
62,5
62,4
62,3
62,1
61,3
2,2
2,1
2,3
61,1
60,3
60,1
59,4
59,3
59,2
59,1
58,6
58,5
58,4
58,3
